1 2 84
1 3 87
1 4 78
1 5 16
1 6 94
1 7 36
1 8 87
1 9 93
1 10 50
1 11 22
1 12 63
1 13 28
1 14 91
1 15 60
1 16 64
1 17 27
1 18 41
1 19 27
1 20 73
1 21 37
1 22 12
1 23 69
1 24 68
1 25 30
1 26 83
1 27 31
1 28 63
1 29 24
1 30 68
1 31 36
1 32 30
1 33 3
1 34 23
1 35 59
1 36 70
1 37 68
1 38 94
1 39 57
1 40 12
1 41 43
1 42 30
1 43 74
1 44 22
1 45 20
1 46 85
1 47 38
1 48 99
1 49 25
1 50 16
1 51 71
1 52 14
1 53 27
1 54 92
1 55 81
1 56 57
1 57 74
1 58 63
1 59 71
1 60 97
1 61 82
1 62 6
1 63 26
1 64 85
1 65 28
1 66 37
1 67 6
1 68 47
1 69 30
1 70 14
1 71 58
1 72 25
1 73 96
1 74 83
1 75 46
1 76 15
1 77 68
1 78 35
1 79 65
1 80 44
1 81 51
1 82 88
1 83 9
1 84 77
1 85 79
1 86 89
1 87 85
1 88 4
1 89 52
1 90 55
1 91 100
1 92 33
1 93 61
1 94 77
1 95 69
1 96 40
1 97 13
1 98 27
1 99 87
1 100 95
2 3 40
2 4 96
2 5 71
2 6 35
2 7 79
2 8 68
2 9 2
2 10 98
2 11 3
2 12 18
2 13 93
2 14 53
2 15 57
2 16 2
2 17 81
2 18 87
2 19 42
2 20 66
2 21 90
2 22 45
2 23 20
2 24 41
2 25 30
2 26 32
2 27 18
2 28 98
2 29 72
2 30 82
2 31 76
2 32 10
2 33 28
2 34 68
2 35 57
2 36 98
2 37 54
2 38 87
2 39 66
2 40 7
2 41 84
2 42 20
2 43 25
2 44 29
2 45 72
2 46 33
2 47 30
2 48 4
2 49 20
2 50 71
2 51 69
2 52 9
2 53 16
2 54 41
2 55 50
2 56 97
2 57 24
2 58 19
2 59 46
2 60 47
2 61 52
2 62 22
2 63 56
2 64 80
2 65 89
2 66 65
2 67 29
2 68 42
2 69 51
2 70 94
2 71 1
2 72 35
2 73 65
2 74 25
2 75 15
2 76 88
2 77 57
2 78 44
2 79 92
2 80 28
2 81 66
2 82 60
2 83 37
2 84 33
2 85 52
2 86 38
2 87 29
2 88 76
2 89 8
2 90 75
2 91 22
2 92 59
2 93 96
2 94 30
2 95 38
2 96 36
2 97 94
2 98 19
2 99 29
2 100 44
3 4 12
3 5 29
3 6 30
3 7 77
3 8 5
3 9 44
3 10 64
3 11 14
3 12 39
3 13 7
3 14 41
3 15 5
3 16 19
3 17 29
3 18 89
3 19 70
3 20 18
3 21 18
3 22 97
3 23 25
3 24 44
3 25 71
3 26 84
3 27 91
3 28 100
3 29 73
3 30 26
3 31 45
3 32 91
3 33 6
3 34 40
3 35 55
3 36 87
3 37 70
3 38 83
3 39 43
3 40 65
3 41 98
3 42 8
3 43 56
3 44 5
3 45 49
3 46 12
3 47 23
3 48 29
3 49 100
3 50 44
3 51 47
3 52 69
3 53 41
3 54 23
3 55 12
3 56 11
3 57 6
3 58 2
3 59 62
3 60 31
3 61 79
3 62 6
3 63 21
3 64 37
3 65 45
3 66 27
3 67 23
3 68 66
3 69 9
3 70 17
3 71 83
3 72 59
3 73 25
3 74 38
3 75 63
3 76 25
3 77 1
3 78 37
3 79 53
3 80 100
3 81 80
3 82 51
3 83 69
3 84 72
3 85 74
3 86 32
3 87 82
3 88 31
3 89 34
3 90 95
3 91 61
3 92 64
3 93 100
3 94 82
3 95 100
3 96 97
3 97 60
3 98 74
3 99 14
3 100 69
4 5 91
4 6 96
4 7 27
4 8 67
4 9 85
4 10 41
4 11 91
4 12 85
4 13 77
4 14 43
4 15 37
4 16 8
4 17 46
4 18 57
4 19 80
4 20 19
4 21 88
4 22 13
4 23 49
4 24 73
4 25 60
4 26 10
4 27 37
4 28 11
4 29 43
4 30 88
4 31 7
4 32 2
4 33 14
4 34 73
4 35 22
4 36 56
4 37 20
4 38 100
4 39 22
4 40 5
4 41 40
4 42 12
4 43 41
4 44 68
4 45 6
4 46 29
4 47 28
4 48 51
4 49 85
4 50 59
4 51 21
4 52 25
4 53 23
4 54 70
4 55 97
4 56 82
4 57 31
4 58 85
4 59 93
4 60 73
4 61 73
4 62 51
4 63 26
4 64 86
4 65 23
4 66 100
4 67 41
4 68 43
4 69 99
4 70 14
4 71 99
4 72 91
4 73 25
4 74 91
4 75 10
4 76 82
4 77 20
4 78 37
4 79 33
4 80 56
4 81 95
4 82 5
4 83 80
4 84 70
4 85 74
4 86 77
4 87 51
4 88 56
4 89 61
4 90 43
4 91 80
4 92 85
4 93 94
4 94 6
4 95 22
4 96 68
4 97 5
4 98 14
4 99 62
4 100 55
5 6 27
5 7 60
5 8 45
5 9 3
5 10 3
5 11 7
5 12 85
5 13 22
5 14 43
5 15 69
5 16 29
5 17 90
5 18 73
5 19 9
5 20 59
5 21 99
5 22 37
5 23 9
5 24 54
5 25 49
5 26 4
5 27 34
5 28 34
5 29 49
5 30 91
5 31 55
5 32 68
5 33 47
5 34 69
5 35 30
5 36 1
5 37 47
5 38 89
5 39 98
5 40 50
5 41 91
5 42 4
5 43 34
5 44 64
5 45 98
5 46 54
5 47 93
5 48 87
5 49 26
5 50 53
5 51 97
5 52 76
5 53 89
5 54 58
5 55 30
5 56 37
5 57 61
5 58 15
5 59 22
5 60 61
5 61 5
5 62 29
5 63 28
5 64 51
5 65 49
5 66 57
5 67 3
5 68 95
5 69 98
5 70 100
5 71 44
5 72 40
5 73 3
5 74 29
5 75 4
5 76 1
5 77 82
5 78 48
5 79 39
5 80 60
5 81 52
5 82 36
5 83 35
5 84 40
5 85 93
5 86 16
5 87 28
5 88 5
5 89 30
5 90 50
5 91 65
5 92 86
5 93 30
5 94 44
5 95 36
5 96 78
5 97 1
5 98 39
5 99 72
5 100 50
6 7 90
6 8 68
6 9 89
6 10 93
6 11 96
6 12 44
6 13 45
6 14 30
6 15 91
6 16 83
6 17 41
6 18 42
6 19 70
6 20 27
6 21 33
6 22 62
6 23 43
6 24 61
6 25 18
6 26 24
6 27 62
6 28 82
6 29 10
6 30 91
6 31 26
6 32 97
6 33 68
6 34 78
6 35 35
6 36 91
6 37 27
6 38 25
6 39 58
6 40 15
6 41 69
6 42 6
6 43 59
6 44 13
6 45 87
6 46 1
6 47 47
6 48 27
6 49 95
6 50 17
6 51 53
6 52 79
6 53 30
6 54 47
6 55 91
6 56 48
6 57 71
6 58 52
6 59 81
6 60 32
6 61 94
6 62 58
6 63 28
6 64 13
6 65 87
6 66 15
6 67 56
6 68 13
6 69 91
6 70 13
6 71 80
6 72 11
6 73 70
6 74 90
6 75 75
6 76 56
6 77 42
6 78 21
6 79 34
6 80 88
6 81 89
6 82 39
6 83 67
6 84 71
6 85 85
6 86 57
6 87 18
6 88 7
6 89 61
6 90 50
6 91 38
6 92 6
6 93 60
6 94 18
6 95 19
6 96 46
6 97 84
6 98 74
6 99 59
6 100 74
7 8 38
7 9 90
7 10 84
7 11 8
7 12 79
7 13 58
7 14 15
7 15 72
7 16 30
7 17 1
7 18 60
7 19 19
7 20 39
7 21 26
7 22 89
7 23 75
7 24 34
7 25 58
7 26 82
7 27 94
7 28 59
7 29 71
7 30 100
7 31 18
7 32 40
7 33 70
7 34 64
7 35 23
7 36 95
7 37 74
7 38 48
7 39 32
7 40 63
7 41 83
7 42 91
7 43 93
7 44 92
7 45 58
7 46 16
7 47 22
7 48 58
7 49 75
7 50 92
7 51 48
7 52 52
7 53 32
7 54 22
7 55 38
7 56 41
7 57 55
7 58 31
7 59 99
7 60 26
7 61 82
7 62 17
7 63 17
7 64 3
7 65 32
7 66 40
7 67 97
7 68 5
7 69 39
7 70 81
7 71 19
7 72 22
7 73 71
7 74 63
7 75 13
7 76 80
7 77 78
7 78 86
7 79 37
7 80 5
7 81 77
7 82 84
7 83 8
7 84 60
7 85 58
7 86 45
7 87 100
7 88 12
7 89 28
7 90 51
7 91 37
7 92 61
7 93 19
7 94 6
7 95 64
7 96 50
7 97 45
7 98 12
7 99 6
7 100 35
8 9 92
8 10 76
8 11 56
8 12 15
8 13 90
8 14 69
8 15 94
8 16 19
8 17 6
8 18 83
8 19 23
8 20 83
8 21 18
8 22 31
8 23 94
8 24 75
8 25 27
8 26 94
8 27 87
8 28 54
8 29 44
8 30 75
8 31 15
8 32 14
8 33 80
8 34 78
8 35 63
8 36 76
8 37 89
8 38 20
8 39 11
8 40 33
8 41 95
8 42 18
8 43 47
8 44 36
8 45 38
8 46 92
8 47 54
8 48 44
8 49 74
8 50 29
8 51 26
8 52 92
8 53 11
8 54 19
8 55 18
8 56 37
8 57 64
8 58 56
8 59 91
8 60 59
8 61 31
8 62 5
8 63 72
8 64 62
8 65 34
8 66 86
8 67 90
8 68 74
8 69 5
8 70 52
8 71 6
8 72 51
8 73 69
8 74 4
8 75 86
8 76 7
8 77 96
8 78 40
8 79 50
8 80 21
8 81 68
8 82 27
8 83 64
8 84 78
8 85 97
8 86 82
8 87 66
8 88 61
8 89 37
8 90 56
8 91 71
8 92 19
8 93 12
8 94 43
8 95 33
8 96 97
8 97 80
8 98 22
8 99 71
8 100 85
9 10 73
9 11 28
9 12 35
9 13 41
9 14 84
9 15 73
9 16 99
9 17 31
9 18 64
9 19 48
9 20 51
9 21 31
9 22 74
9 23 15
9 24 60
9 25 23
9 26 48
9 27 25
9 28 83
9 29 36
9 30 33
9 31 5
9 32 55
9 33 44
9 34 99
9 35 87
9 36 41
9 37 79
9 38 60
9 39 63
9 40 63
9 41 84
9 42 42
9 43 49
9 44 24
9 45 25
9 46 73
9 47 23
9 48 55
9 49 36
9 50 22
9 51 58
9 52 66
9 53 48
9 54 72
9 55 77
9 56 70
9 57 19
9 58 2
9 59 4
9 60 54
9 61 34
9 62 8
9 63 60
9 64 29
9 65 7
9 66 98
9 67 21
9 68 85
9 69 9
9 70 35
9 71 99
9 72 92
9 73 77
9 74 99
9 75 16
9 76 53
9 77 72
9 78 90
9 79 60
9 80 7
9 81 11
9 82 17
9 83 25
9 84 10
9 85 40
9 86 1
9 87 79
9 88 10
9 89 54
9 90 82
9 91 15
9 92 39
9 93 90
9 94 27
9 95 68
9 96 48
9 97 24
9 98 88
9 99 32
9 100 33
10 11 23
10 12 82
10 13 76
10 14 51
10 15 80
10 16 91
10 17 55
10 18 51
10 19 32
10 20 14
10 21 58
10 22 95
10 23 82
10 24 82
10 25 4
10 26 21
10 27 34
10 28 83
10 29 82
10 30 88
10 31 16
10 32 97
10 33 26
10 34 5
10 35 23
10 36 93
10 37 52
10 38 98
10 39 33
10 40 35
10 41 82
10 42 7
10 43 16
10 44 58
10 45 9
10 46 96
10 47 100
10 48 63
10 49 98
10 50 84
10 51 77
10 52 55
10 53 78
10 54 10
10 55 88
10 56 33
10 57 83
10 58 22
10 59 67
10 60 64
10 61 61
10 62 83
10 63 12
10 64 86
10 65 87
10 66 86
10 67 31
10 68 91
10 69 84
10 70 15
10 71 77
10 72 17
10 73 21
10 74 93
10 75 26
10 76 29
10 77 40
10 78 26
10 79 91
10 80 37
10 81 61
10 82 19
10 83 44
10 84 38
10 85 29
10 86 83
10 87 22
10 88 11
10 89 56
10 90 89
10 91 26
10 92 16
10 93 71
10 94 38
10 95 54
10 96 9
10 97 23
10 98 84
10 99 51
10 100 58
11 12 98
11 13 28
11 14 27
11 15 70
11 16 72
11 17 52
11 18 50
11 19 11
11 20 29
11 21 40
11 22 99
11 23 89
11 24 11
11 25 94
11 26 78
11 27 91
11 28 77
11 29 100
11 30 53
11 31 32
11 32 88
11 33 78
11 34 100
11 35 58
11 36 67
11 37 53
11 38 18
11 39 42
11 40 36
11 41 69
11 42 99
11 43 85
11 44 96
11 45 77
11 46 6
11 47 67
11 48 29
11 49 55
11 50 29
11 51 9
11 52 94
11 53 79
11 54 98
11 55 56
11 56 73
11 57 75
11 58 46
11 59 1
11 60 26
11 61 98
11 62 84
11 63 13
11 64 28
11 65 83
11 66 22
11 67 94
11 68 35
11 69 40
11 70 35
11 71 22
11 72 60
11 73 86
11 74 58
11 75 55
11 76 62
11 77 63
11 78 73
11 79 42
11 80 17
11 81 53
11 82 51
11 83 63
11 84 83
11 85 100
11 86 18
11 87 55
11 88 74
11 89 16
11 90 7
11 91 52
11 92 65
11 93 91
11 94 64
11 95 92
11 96 73
11 97 38
11 98 38
11 99 60
11 100 29
12 13 72
12 14 81
12 15 88
12 16 57
12 17 91
12 18 42
12 19 71
12 20 53
12 21 66
12 22 12
12 23 70
12 24 18
12 25 62
12 26 84
12 27 52
12 28 13
12 29 1
12 30 7
12 31 39
12 32 68
12 33 65
12 34 90
12 35 33
12 36 55
12 37 5
12 38 76
12 39 80
12 40 42
12 41 13
12 42 39
12 43 70
12 44 37
12 45 71
12 46 57
12 47 45
12 48 61
12 49 50
12 50 15
12 51 66
12 52 15
12 53 27
12 54 87
12 55 84
12 56 40
12 57 70
12 58 36
12 59 53
12 60 22
12 61 94
12 62 91
12 63 90
12 64 10
12 65 32
12 66 74
12 67 65
12 68 36
12 69 49
12 70 96
12 71 78
12 72 14
12 73 34
12 74 99
12 75 50
12 76 56
12 77 56
12 78 94
12 79 69
12 80 57
12 81 61
12 82 34
12 83 24
12 84 87
12 85 72
12 86 59
12 87 78
12 88 41
12 89 46
12 90 82
12 91 62
12 92 91
12 93 24
12 94 51
12 95 1
12 96 55
12 97 76
12 98 65
12 99 43
12 100 25
13 14 60
13 15 20
13 16 90
13 17 45
13 18 70
13 19 39
13 20 52
13 21 77
13 22 84
13 23 20
13 24 34
13 25 44
13 26 5
13 27 57
13 28 82
13 29 76
13 30 67
13 31 12
13 32 68
13 33 13
13 34 93
13 35 30
13 36 3
13 37 69
13 38 32
13 39 3
13 40 75
13 41 8
13 42 19
13 43 17
13 44 84
13 45 78
13 46 88
13 47 73
13 48 74
13 49 58
13 50 63
13 51 26
13 52 34
13 53 98
13 54 97
13 55 19
13 56 42
13 57 54
13 58 27
13 59 75
13 60 81
13 61 94
13 62 86
13 63 49
13 64 6
13 65 31
13 66 30
13 67 60
13 68 99
13 69 61
13 70 63
13 71 25
13 72 20
13 73 81
13 74 42
13 75 3
13 76 11
13 77 81
13 78 27
13 79 84
13 80 90
13 81 41
13 82 9
13 83 24
13 84 39
13 85 58
13 86 94
13 87 32
13 88 11
13 89 21
13 90 6
13 91 91
13 92 14
13 93 92
13 94 39
13 95 71
13 96 22
13 97 68
13 98 30
13 99 72
13 100 81
14 15 44
14 16 96
14 17 100
14 18 25
14 19 89
14 20 55
14 21 87
14 22 70
14 23 33
14 24 70
14 25 11
14 26 74
14 27 31
14 28 34
14 29 64
14 30 88
14 31 80
14 32 95
14 33 50
14 34 100
14 35 52
14 36 40
14 37 65
14 38 43
14 39 31
14 40 87
14 41 16
14 42 50
14 43 16
14 44 87
14 45 82
14 46 12
14 47 35
14 48 34
14 49 88
14 50 23
14 51 88
14 52 74
14 53 44
14 54 20
14 55 43
14 56 55
14 57 45
14 58 25
14 59 40
14 60 60
14 61 64
14 62 19
14 63 54
14 64 13
14 65 70
14 66 6
14 67 5
14 68 34
14 69 100
14 70 35
14 71 20
14 72 16
14 73 36
14 74 88
14 75 54
14 76 70
14 77 51
14 78 88
14 79 3
14 80 38
14 81 63
14 82 90
14 83 11
14 84 6
14 85 61
14 86 5
14 87 12
14 88 58
14 89 30
14 90 4
14 91 17
14 92 93
14 93 22
14 94 23
14 95 6
14 96 44
14 97 80
14 98 62
14 99 29
14 100 79
15 16 48
15 17 1
15 18 46
15 19 83
15 20 88
15 21 100
15 22 52
15 23 90
15 24 87
15 25 54
15 26 27
15 27 49
15 28 95
15 29 37
15 30 7
15 31 8
15 32 93
15 33 18
15 34 65
15 35 22
15 36 21
15 37 81
15 38 67
15 39 95
15 40 55
15 41 24
15 42 38
15 43 34
15 44 85
15 45 18
15 46 13
15 47 32
15 48 18
15 49 10
15 50 66
15 51 57
15 52 9
15 53 70
15 54 46
15 55 96
15 56 23
15 57 72
15 58 96
15 59 70
15 60 60
15 61 2
15 62 77
15 63 53
15 64 72
15 65 41
15 66 26
15 67 44
15 68 73
15 69 92
15 70 90
15 71 28
15 72 67
15 73 79
15 74 13
15 75 51
15 76 97
15 77 25
15 78 34
15 79 14
15 80 87
15 81 100
15 82 71
15 83 95
15 84 69
15 85 16
15 86 42
15 87 43
15 88 40
15 89 38
15 90 64
15 91 99
15 92 91
15 93 40
15 94 3
15 95 14
15 96 32
15 97 29
15 98 58
15 99 5
15 100 72
16 17 47
16 18 84
16 19 39
16 20 26
16 21 96
16 22 41
16 23 22
16 24 73
16 25 27
16 26 35
16 27 59
16 28 26
16 29 57
16 30 53
16 31 46
16 32 73
16 33 47
16 34 40
16 35 12
16 36 84
16 37 4
16 38 62
16 39 26
16 40 43
16 41 17
16 42 40
16 43 75
16 44 45
16 45 97
16 46 31
16 47 68
16 48 95
16 49 14
16 50 58
16 51 20
16 52 61
16 53 51
16 54 93
16 55 33
16 56 77
16 57 80
16 58 91
16 59 54
16 60 36
16 61 96
16 62 99
16 63 8
16 64 42
16 65 38
16 66 71
16 67 77
16 68 41
16 69 85
16 70 2
16 71 84
16 72 1
16 73 93
16 74 10
16 75 97
16 76 41
16 77 40
16 78 64
16 79 36
16 80 5
16 81 74
16 82 7
16 83 65
16 84 24
16 85 52
16 86 50
16 87 52
16 88 31
16 89 40
16 90 5
16 91 66
16 92 87
16 93 3
16 94 26
16 95 80
16 96 92
16 97 48
16 98 8
16 99 85
16 100 32
17 18 62
17 19 20
17 20 32
17 21 54
17 22 29
17 23 28
17 24 95
17 25 20
17 26 44
17 27 82
17 28 24
17 29 69
17 30 88
17 31 40
17 32 44
17 33 39
17 34 89
17 35 95
17 36 21
17 37 81
17 38 99
17 39 87
17 40 19
17 41 53
17 42 64
17 43 99
17 44 96
17 45 11
17 46 6
17 47 80
17 48 43
17 49 67
17 50 99
17 51 26
17 52 73
17 53 79
17 54 54
17 55 67
17 56 98
17 57 49
17 58 48
17 59 73
17 60 17
17 61 87
17 62 13
17 63 60
17 64 78
17 65 1
17 66 54
17 67 98
17 68 33
17 69 4
17 70 36
17 71 52
17 72 8
17 73 99
17 74 50
17 75 55
17 76 62
17 77 7
17 78 35
17 79 4
17 80 26
17 81 85
17 82 29
17 83 98
17 84 64
17 85 34
17 86 16
17 87 61
17 88 82
17 89 15
17 90 86
17 91 98
17 92 1
17 93 98
17 94 9
17 95 30
17 96 50
17 97 14
17 98 80
17 99 35
17 100 17
18 19 15
18 20 86
18 21 76
18 22 66
18 23 87
18 24 31
18 25 27
18 26 93
18 27 17
18 28 30
18 29 70
18 30 53
18 31 10
18 32 67
18 33 16
18 34 96
18 35 34
18 36 29
18 37 77
18 38 48
18 39 14
18 40 27
18 41 1
18 42 63
18 43 87
18 44 30
18 45 64
18 46 1
18 47 9
18 48 98
18 49 17
18 50 76
18 51 83
18 52 45
18 53 41
18 54 21
18 55 27
18 56 19
18 57 66
18 58 95
18 59 100
18 60 35
18 61 47
18 62 9
18 63 54
18 64 63
18 65 4
18 66 87
18 67 43
18 68 33
18 69 35
18 70 8
18 71 11
18 72 35
18 73 70
18 74 97
18 75 16
18 76 85
18 77 97
18 78 25
18 79 83
18 80 66
18 81 52
18 82 17
18 83 62
18 84 44
18 85 38
18 86 88
18 87 62
18 88 3
18 89 82
18 90 61
18 91 89
18 92 80
18 93 21
18 94 42
18 95 94
18 96 25
18 97 29
18 98 36
18 99 9
18 100 63
19 20 43
19 21 71
19 22 97
19 23 64
19 24 67
19 25 12
19 26 1
19 27 16
19 28 88
19 29 35
19 30 33
19 31 91
19 32 51
19 33 94
19 34 34
19 35 40
19 36 81
19 37 95
19 38 94
19 39 14
19 40 55
19 41 83
19 42 45
19 43 76
19 44 24
19 45 39
19 46 52
19 47 52
19 48 74
19 49 12
19 50 66
19 51 69
19 52 82
19 53 14
19 54 84
19 55 100
19 56 78
19 57 36
19 58 15
19 59 65
19 60 70
19 61 47
19 62 8
19 63 73
19 64 92
19 65 41
19 66 12
19 67 24
19 68 88
19 69 58
19 70 37
19 71 94
19 72 40
19 73 82
19 74 21
19 75 15
19 76 72
19 77 72
19 78 19
19 79 97
19 80 35
19 81 84
19 82 65
19 83 68
19 84 98
19 85 1
19 86 68
19 87 75
19 88 36
19 89 34
19 90 91
19 91 58
19 92 33
19 93 50
19 94 30
19 95 24
19 96 91
19 97 93
19 98 48
19 99 30
19 100 50
20 21 36
20 22 23
20 23 41
20 24 69
20 25 44
20 26 56
20 27 40
20 28 67
20 29 26
20 30 37
20 31 54
20 32 61
20 33 53
20 34 21
20 35 58
20 36 5
20 37 88
20 38 84
20 39 41
20 40 22
20 41 27
20 42 98
20 43 6
20 44 28
20 45 79
20 46 29
20 47 70
20 48 71
20 49 28
20 50 99
20 51 21
20 52 64
20 53 22
20 54 61
20 55 84
20 56 17
20 57 68
20 58 24
20 59 83
20 60 93
20 61 12
20 62 36
20 63 54
20 64 64
20 65 9
20 66 63
20 67 69
20 68 96
20 69 99
20 70 61
20 71 69
20 72 77
20 73 10
20 74 74
20 75 4
20 76 88
20 77 55
20 78 74
20 79 58
20 80 82
20 81 24
20 82 30
20 83 97
20 84 45
20 85 43
20 86 81
20 87 13
20 88 10
20 89 56
20 90 48
20 91 55
20 92 67
20 93 35
20 94 60
20 95 82
20 96 43
20 97 74
20 98 2
20 99 39
20 100 72
21 22 14
21 23 59
21 24 100
21 25 23
21 26 85
21 27 56
21 28 62
21 29 91
21 30 81
21 31 72
21 32 24
21 33 4
21 34 1
21 35 21
21 36 1
21 37 43
21 38 53
21 39 13
21 40 5
21 41 8
21 42 60
21 43 59
21 44 26
21 45 95
21 46 18
21 47 59
21 48 37
21 49 91
21 50 61
21 51 27
21 52 15
21 53 74
21 54 38
21 55 66
21 56 49
21 57 22
21 58 21
21 59 10
21 60 64
21 61 1
21 62 33
21 63 87
21 64 5
21 65 34
21 66 59
21 67 57
21 68 28
21 69 11
21 70 69
21 71 32
21 72 70
21 73 29
21 74 42
21 75 47
21 76 75
21 77 59
21 78 6
21 79 11
21 80 2
21 81 66
21 82 90
21 83 68
21 84 91
21 85 27
21 86 33
21 87 39
21 88 100
21 89 6
21 90 1
21 91 63
21 92 58
21 93 33
21 94 49
21 95 62
21 96 18
21 97 8
21 98 70
21 99 98
21 100 70
22 23 39
22 24 29
22 25 40
22 26 19
22 27 71
22 28 86
22 29 93
22 30 81
22 31 43
22 32 55
22 33 34
22 34 8
22 35 44
22 36 1
22 37 51
22 38 22
22 39 86
22 40 89
22 41 21
22 42 91
22 43 41
22 44 35
22 45 48
22 46 26
22 47 84
22 48 62
22 49 95
22 50 43
22 51 31
22 52 92
22 53 64
22 54 21
22 55 21
22 56 55
22 57 39
22 58 43
22 59 93
22 60 31
22 61 23
22 62 35
22 63 86
22 64 9
22 65 95
22 66 81
22 67 9
22 68 45
22 69 3
22 70 46
22 71 85
22 72 23
22 73 88
22 74 26
22 75 58
22 76 36
22 77 3
22 78 93
22 79 49
22 80 97
22 81 87
22 82 31
22 83 41
22 84 50
22 85 52
22 86 13
22 87 57
22 88 90
22 89 55
22 90 49
22 91 73
22 92 29
22 93 83
22 94 58
22 95 89
22 96 77
22 97 38
22 98 98
22 99 21
22 100 40
23 24 95
23 25 6
23 26 15
23 27 83
23 28 83
23 29 24
23 30 70
23 31 37
23 32 16
23 33 18
23 34 85
23 35 54
23 36 100
23 37 25
23 38 55
23 39 51
23 40 37
23 41 11
23 42 93
23 43 43
23 44 59
23 45 65
23 46 24
23 47 42
23 48 22
23 49 12
23 50 70
23 51 11
23 52 61
23 53 91
23 54 3
23 55 56
23 56 48
23 57 17
23 58 90
23 59 82
23 60 40
23 61 59
23 62 18
23 63 7
23 64 76
23 65 2
23 66 12
23 67 75
23 68 79
23 69 66
23 70 78
23 71 67
23 72 77
23 73 70
23 74 62
23 75 35
23 76 34
23 77 37
23 78 28
23 79 7
23 80 100
23 81 98
23 82 17
23 83 61
23 84 40
23 85 71
23 86 68
23 87 87
23 88 87
23 89 9
23 90 68
23 91 78
23 92 67
23 93 37
23 94 36
23 95 94
23 96 38
23 97 47
23 98 20
23 99 68
23 100 13
24 25 97
24 26 35
24 27 41
24 28 18
24 29 96
24 30 75
24 31 51
24 32 32
24 33 3
24 34 9
24 35 31
24 36 52
24 37 26
24 38 43
24 39 91
24 40 48
24 41 62
24 42 77
24 43 35
24 44 70
24 45 96
24 46 64
24 47 36
24 48 32
24 49 52
24 50 81
24 51 21
24 52 98
24 53 1
24 54 89
24 55 62
24 56 97
24 57 75
24 58 2
24 59 15
24 60 70
24 61 29
24 62 17
24 63 53
24 64 83
24 65 26
24 66 83
24 67 34
24 68 3
24 69 78
24 70 24
24 71 50
24 72 91
24 73 52
24 74 36
24 75 61
24 76 47
24 77 100
24 78 48
24 79 30
24 80 3
24 81 29
24 82 50
24 83 100
24 84 29
24 85 90
24 86 14
24 87 77
24 88 64
24 89 67
24 90 91
24 91 85
24 92 95
24 93 60
24 94 37
24 95 77
24 96 85
24 97 72
24 98 10
24 99 39
24 100 1
25 26 85
25 27 40
25 28 91
25 29 36
25 30 76
25 31 51
25 32 82
25 33 27
25 34 51
25 35 63
25 36 29
25 37 79
25 38 65
25 39 80
25 40 59
25 41 54
25 42 45
25 43 35
25 44 70
25 45 12
25 46 78
25 47 6
25 48 58
25 49 37
25 50 43
25 51 35
25 52 73
25 53 66
25 54 96
25 55 11
25 56 66
25 57 33
25 58 50
25 59 8
25 60 68
25 61 77
25 62 59
25 63 2
25 64 3
25 65 61
25 66 64
25 67 83
25 68 39
25 69 28
25 70 15
25 71 97
25 72 34
25 73 59
25 74 31
25 75 55
25 76 70
25 77 8
25 78 60
25 79 28
25 80 96
25 81 2
25 82 14
25 83 68
25 84 19
25 85 61
25 86 30
25 87 36
25 88 93
25 89 32
25 90 44
25 91 13
25 92 8
25 93 54
25 94 14
25 95 63
25 96 14
25 97 29
25 98 97
25 99 52
25 100 57
26 27 11
26 28 100
26 29 42
26 30 70
26 31 82
26 32 96
26 33 91
26 34 90
26 35 55
26 36 70
26 37 37
26 38 9
26 39 83
26 40 5
26 41 27
26 42 96
26 43 34
26 44 15
26 45 88
26 46 65
26 47 58
26 48 52
26 49 25
26 50 11
26 51 65
26 52 39
26 53 24
26 54 94
26 55 35
26 56 27
26 57 2
26 58 46
26 59 26
26 60 95
26 61 67
26 62 7
26 63 90
26 64 57
26 65 48
26 66 96
26 67 27
26 68 85
26 69 4
26 70 61
26 71 41
26 72 83
26 73 56
26 74 74
26 75 49
26 76 96
26 77 91
26 78 6
26 79 47
26 80 67
26 81 68
26 82 64
26 83 5
26 84 91
26 85 9
26 86 91
26 87 69
26 88 62
26 89 36
26 90 94
26 91 56
26 92 2
26 93 52
26 94 45
26 95 11
26 96 52
26 97 92
26 98 89
26 99 36
26 100 48
27 28 49
27 29 76
27 30 82
27 31 57
27 32 1
27 33 30
27 34 52
27 35 43
27 36 35
27 37 50
27 38 61
27 39 2
27 40 65
27 41 65
27 42 44
27 43 73
27 44 56
27 45 12
27 46 34
27 47 43
27 48 57
27 49 41
27 50 97
27 51 60
27 52 37
27 53 59
27 54 11
27 55 29
27 56 47
27 57 98
27 58 76
27 59 95
27 60 25
27 61 57
27 62 51
27 63 26
27 64 86
27 65 54
27 66 20
27 67 72
27 68 56
27 69 81
27 70 25
27 71 20
27 72 97
27 73 68
27 74 45
27 75 4
27 76 31
27 77 30
27 78 47
27 79 87
27 80 71
27 81 95
27 82 46
27 83 59
27 84 53
27 85 9
27 86 87
27 87 99
27 88 6
27 89 14
27 90 45
27 91 31
27 92 22
27 93 48
27 94 8
27 95 59
27 96 1
27 97 79
27 98 30
27 99 8
27 100 59
28 29 54
28 30 80
28 31 8
28 32 73
28 33 76
28 34 11
28 35 3
28 36 5
28 37 9
28 38 41
28 39 27
28 40 3
28 41 87
28 42 86
28 43 7
28 44 47
28 45 24
28 46 5
28 47 52
28 48 38
28 49 2
28 50 34
28 51 11
28 52 49
28 53 93
28 54 70
28 55 1
28 56 72
28 57 51
28 58 9
28 59 82
28 60 57
28 61 88
28 62 89
28 63 29
28 64 63
28 65 52
28 66 84
28 67 19
28 68 60
28 69 24
28 70 46
28 71 15
28 72 62
28 73 83
28 74 73
28 75 8
28 76 58
28 77 30
28 78 12
28 79 95
28 80 31
28 81 45
28 82 58
28 83 79
28 84 38
28 85 27
28 86 79
28 87 61
28 88 29
28 89 87
28 90 42
28 91 85
28 92 26
28 93 83
28 94 66
28 95 40
28 96 34
28 97 49
28 98 59
28 99 45
28 100 24
29 30 56
29 31 11
29 32 86
29 33 90
29 34 84
29 35 45
29 36 47
29 37 13
29 38 56
29 39 94
29 40 43
29 41 1
29 42 51
29 43 21
29 44 90
29 45 29
29 46 51
29 47 50
29 48 57
29 49 38
29 50 43
29 51 42
29 52 15
29 53 25
29 54 59
29 55 55
29 56 10
29 57 59
29 58 65
29 59 55
29 60 82
29 61 20
29 62 17
29 63 19
29 64 61
29 65 100
29 66 64
29 67 7
29 68 64
29 69 19
29 70 100
29 71 6
29 72 71
29 73 2
29 74 78
29 75 12
29 76 30
29 77 29
29 78 13
29 79 87
29 80 18
29 81 56
29 82 80
29 83 84
29 84 80
29 85 90
29 86 38
29 87 90
29 88 48
29 89 54
29 90 96
29 91 81
29 92 25
29 93 12
29 94 100
29 95 85
29 96 12
29 97 15
29 98 44
29 99 27
29 100 85
30 31 43
30 32 33
30 33 8
30 34 97
30 35 62
30 36 19
30 37 26
30 38 42
30 39 32
30 40 64
30 41 11
30 42 87
30 43 95
30 44 95
30 45 18
30 46 36
30 47 84
30 48 59
30 49 83
30 50 38
30 51 54
30 52 16
30 53 14
30 54 18
30 55 15
30 56 99
30 57 81
30 58 81
30 59 42
30 60 7
30 61 65
30 62 36
30 63 39
30 64 24
30 65 32
30 66 53
30 67 43
30 68 10
30 69 46
30 70 26
30 71 25
30 72 57
30 73 64
30 74 72
30 75 3
30 76 81
30 77 7
30 78 86
30 79 92
30 80 90
30 81 75
30 82 45
30 83 57
30 84 89
30 85 62
30 86 71
30 87 39
30 88 42
30 89 3
30 90 80
30 91 49
30 92 19
30 93 67
30 94 39
30 95 43
30 96 51
30 97 43
30 98 85
30 99 60
30 100 89
31 32 62
31 33 36
31 34 97
31 35 25
31 36 7
31 37 99
31 38 57
31 39 14
31 40 36
31 41 48
31 42 55
31 43 63
31 44 45
31 45 11
31 46 3
31 47 58
31 48 33
31 49 41
31 50 52
31 51 87
31 52 72
31 53 100
31 54 5
31 55 90
31 56 90
31 57 47
31 58 40
31 59 85
31 60 83
31 61 51
31 62 73
31 63 44
31 64 87
31 65 69
31 66 20
31 67 93
31 68 19
31 69 77
31 70 58
31 71 54
31 72 76
31 73 64
31 74 16
31 75 20
31 76 26
31 77 70
31 78 78
31 79 10
31 80 10
31 81 81
31 82 96
31 83 33
31 84 32
31 85 1
31 86 23
31 87 21
31 88 47
31 89 14
31 90 57
31 91 30
31 92 65
31 93 29
31 94 25
31 95 51
31 96 49
31 97 45
31 98 95
31 99 19
31 100 73
32 33 5
32 34 73
32 35 48
32 36 68
32 37 40
32 38 20
32 39 94
32 40 10
32 41 49
32 42 55
32 43 71
32 44 29
32 45 51
32 46 56
32 47 60
32 48 51
32 49 30
32 50 32
32 51 49
32 52 43
32 53 89
32 54 78
32 55 7
32 56 69
32 57 55
32 58 9
32 59 70
32 60 99
32 61 4
32 62 88
32 63 71
32 64 8
32 65 12
32 66 70
32 67 27
32 68 4
32 69 41
32 70 72
32 71 65
32 72 89
32 73 27
32 74 87
32 75 17
32 76 77
32 77 42
32 78 28
32 79 79
32 80 23
32 81 60
32 82 27
32 83 66
32 84 100
32 85 5
32 86 24
32 87 68
32 88 59
32 89 33
32 90 89
32 91 9
32 92 88
32 93 77
32 94 31
32 95 95
32 96 40
32 97 52
32 98 73
32 99 43
32 100 93
33 34 45
33 35 7
33 36 81
33 37 23
33 38 94
33 39 50
33 40 99
33 41 87
33 42 29
33 43 77
33 44 10
33 45 88
33 46 3
33 47 27
33 48 39
33 49 59
33 50 50
33 51 59
33 52 69
33 53 82
33 54 47
33 55 29
33 56 21
33 57 75
33 58 59
33 59 15
33 60 15
33 61 63
33 62 40
33 63 57
33 64 55
33 65 36
33 66 16
33 67 35
33 68 58
33 69 61
33 70 36
33 71 8
33 72 47
33 73 65
33 74 84
33 75 56
33 76 4
33 77 38
33 78 34
33 79 43
33 80 49
33 81 84
33 82 1
33 83 69
33 84 17
33 85 47
33 86 50
33 87 38
33 88 22
33 89 60
33 90 4
33 91 88
33 92 22
33 93 43
33 94 44
33 95 76
33 96 78
33 97 11
33 98 63
33 99 87
33 100 71
34 35 98
34 36 94
34 37 18
34 38 62
34 39 29
34 40 25
34 41 18
34 42 67
34 43 59
34 44 60
34 45 67
34 46 94
34 47 60
34 48 87
34 49 10
34 50 58
34 51 36
34 52 47
34 53 31
34 54 96
34 55 3
34 56 18
34 57 17
34 58 97
34 59 14
34 60 93
34 61 75
34 62 24
34 63 7
34 64 61
34 65 95
34 66 4
34 67 7
34 68 64
34 69 18
34 70 35
34 71 40
34 72 35
34 73 53
34 74 50
34 75 94
34 76 19
34 77 43
34 78 5
34 79 6
34 80 5
34 81 14
34 82 93
34 83 3
34 84 45
34 85 88
34 86 5
34 87 62
34 88 57
34 89 2
34 90 27
34 91 49
34 92 28
34 93 51
34 94 55
34 95 40
34 96 97
34 97 10
34 98 46
34 99 12
34 100 27
35 36 81
35 37 3
35 38 13
35 39 33
35 40 53
35 41 58
35 42 4
35 43 47
35 44 62
35 45 61
35 46 51
35 47 28
35 48 53
35 49 54
35 50 72
35 51 41
35 52 58
35 53 85
35 54 49
35 55 11
35 56 12
35 57 49
35 58 38
35 59 14
35 60 55
35 61 78
35 62 62
35 63 64
35 64 75
35 65 25
35 66 43
35 67 55
35 68 27
35 69 55
35 70 40
35 71 79
35 72 65
35 73 43
35 74 26
35 75 78
35 76 3
35 77 28
35 78 5
35 79 55
35 80 81
35 81 76
35 82 47
35 83 91
35 84 61
35 85 95
35 86 1
35 87 24
35 88 43
35 89 91
35 90 89
35 91 97
35 92 20
35 93 50
35 94 13
35 95 94
35 96 26
35 97 55
35 98 49
35 99 52
35 100 61
36 37 88
36 38 83
36 39 25
36 40 30
36 41 60
36 42 3
36 43 84
36 44 87
36 45 7
36 46 38
36 47 68
36 48 35
36 49 37
36 50 10
36 51 47
36 52 31
36 53 10
36 54 70
36 55 26
36 56 52
36 57 58
36 58 74
36 59 71
36 60 59
36 61 86
36 62 65
36 63 84
36 64 40
36 65 65
36 66 87
36 67 53
36 68 4
36 69 69
36 70 77
36 71 33
36 72 28
36 73 31
36 74 68
36 75 67
36 76 38
36 77 5
36 78 34
36 79 72
36 80 93
36 81 95
36 82 18
36 83 76
36 84 56
36 85 39
36 86 1
36 87 8
36 88 48
36 89 74
36 90 78
36 91 58
36 92 60
36 93 94
36 94 93
36 95 51
36 96 58
36 97 79
36 98 3
36 99 61
36 100 48
37 38 32
37 39 45
37 40 27
37 41 62
37 42 12
37 43 93
37 44 99
37 45 69
37 46 78
37 47 22
37 48 61
37 49 72
37 50 91
37 51 88
37 52 80
37 53 81
37 54 88
37 55 87
37 56 80
37 57 14
37 58 64
37 59 37
37 60 25
37 61 10
37 62 29
37 63 75
37 64 67
37 65 60
37 66 30
37 67 28
37 68 59
37 69 61
37 70 72
37 71 85
37 72 74
37 73 36
37 74 30
37 75 25
37 76 4
37 77 59
37 78 46
37 79 16
37 80 83
37 81 89
37 82 4
37 83 62
37 84 69
37 85 43
37 86 48
37 87 1
37 88 56
37 89 63
37 90 37
37 91 32
37 92 72
37 93 18
37 94 59
37 95 39
37 96 77
37 97 88
37 98 18
37 99 35
37 100 100
38 39 41
38 40 71
38 41 73
38 42 28
38 43 52
38 44 97
38 45 83
38 46 11
38 47 95
38 48 99
38 49 93
38 50 83
38 51 54
38 52 54
38 53 3
38 54 48
38 55 53
38 56 55
38 57 56
38 58 15
38 59 92
38 60 87
38 61 39
38 62 61
38 63 45
38 64 29
38 65 89
38 66 84
38 67 46
38 68 23
38 69 35
38 70 38
38 71 45
38 72 8
38 73 66
38 74 97
38 75 56
38 76 48
38 77 7
38 78 50
38 79 98
38 80 51
38 81 84
38 82 3
38 83 4
38 84 39
38 85 51
38 86 56
38 87 93
38 88 6
38 89 22
38 90 36
38 91 92
38 92 12
38 93 96
38 94 89
38 95 40
38 96 84
38 97 24
38 98 37
38 99 58
38 100 59
39 40 27
39 41 3
39 42 66
39 43 92
39 44 51
39 45 21
39 46 91
39 47 9
39 48 23
39 49 89
39 50 59
39 51 58
39 52 91
39 53 62
39 54 96
39 55 41
39 56 69
39 57 41
39 58 98
39 59 42
39 60 76
39 61 42
39 62 54
39 63 24
39 64 30
39 65 45
39 66 59
39 67 53
39 68 34
39 69 17
39 70 11
39 71 60
39 72 71
39 73 28
39 74 51
39 75 73
39 76 1
39 77 41
39 78 81
39 79 75
39 80 81
39 81 39
39 82 32
39 83 72
39 84 100
39 85 80
39 86 64
39 87 20
39 88 20
39 89 62
39 90 13
39 91 47
39 92 55
39 93 18
39 94 70
39 95 84
39 96 63
39 97 29
39 98 88
39 99 96
39 100 97
40 41 51
40 42 55
40 43 67
40 44 30
40 45 57
40 46 39
40 47 30
40 48 97
40 49 19
40 50 56
40 51 30
40 52 9
40 53 88
40 54 1
40 55 8
40 56 19
40 57 16
40 58 79
40 59 38
40 60 29
40 61 91
40 62 36
40 63 83
40 64 9
40 65 6
40 66 18
40 67 23
40 68 86
40 69 58
40 70 70
40 71 82
40 72 8
40 73 24
40 74 100
40 75 37
40 76 80
40 77 90
40 78 19
40 79 28
40 80 8
40 81 74
40 82 57
40 83 16
40 84 13
40 85 9
40 86 75
40 87 31
40 88 77
40 89 5
40 90 20
40 91 57
40 92 47
40 93 56
40 94 40
40 95 7
40 96 13
40 97 9
40 98 29
40 99 98
40 100 66
41 42 98
41 43 31
41 44 73
41 45 73
41 46 30
41 47 62
41 48 4
41 49 19
41 50 32
41 51 84
41 52 78
41 53 57
41 54 92
41 55 45
41 56 70
41 57 53
41 58 71
41 59 52
41 60 29
41 61 27
41 62 24
41 63 85
41 64 73
41 65 31
41 66 76
41 67 80
41 68 95
41 69 85
41 70 60
41 71 92
41 72 50
41 73 10
41 74 74
41 75 75
41 76 82
41 77 3
41 78 36
41 79 38
41 80 73
41 81 67
41 82 21
41 83 2
41 84 75
41 85 12
41 86 46
41 87 44
41 88 16
41 89 68
41 90 48
41 91 44
41 92 94
41 93 23
41 94 81
41 95 18
41 96 5
41 97 8
41 98 97
41 99 99
41 100 92
42 43 9
42 44 90
42 45 94
42 46 18
42 47 63
42 48 68
42 49 51
42 50 17
42 51 55
42 52 88
42 53 41
42 54 73
42 55 60
42 56 42
42 57 47
42 58 24
42 59 39
42 60 43
42 61 39
42 62 6
42 63 90
42 64 83
42 65 51
42 66 64
42 67 15
42 68 68
42 69 68
42 70 22
42 71 17
42 72 66
42 73 66
42 74 25
42 75 7
42 76 59
42 77 42
42 78 21
42 79 26
42 80 92
42 81 89
42 82 80
42 83 32
42 84 29
42 85 52
42 86 91
42 87 70
42 88 98
42 89 14
42 90 60
42 91 92
42 92 53
42 93 17
42 94 33
42 95 87
42 96 67
42 97 96
42 98 1
42 99 86
42 100 15
43 44 74
43 45 2
43 46 80
43 47 39
43 48 78
43 49 38
43 50 97
43 51 19
43 52 58
43 53 74
43 54 63
43 55 46
43 56 5
43 57 94
43 58 26
43 59 8
43 60 36
43 61 47
43 62 6
43 63 50
43 64 6
43 65 49
43 66 54
43 67 74
43 68 82
43 69 40
43 70 40
43 71 77
43 72 92
43 73 78
43 74 92
43 75 65
43 76 31
43 77 23
43 78 56
43 79 9
43 80 61
43 81 52
43 82 27
43 83 70
43 84 78
43 85 41
43 86 16
43 87 82
43 88 34
43 89 93
43 90 90
43 91 70
43 92 40
43 93 47
43 94 71
43 95 97
43 96 95
43 97 24
43 98 71
43 99 76
43 100 15
44 45 62
44 46 5
44 47 6
44 48 39
44 49 96
44 50 22
44 51 70
44 52 70
44 53 77
44 54 78
44 55 30
44 56 81
44 57 56
44 58 100
44 59 58
44 60 97
44 61 67
44 62 39
44 63 82
44 64 59
44 65 80
44 66 3
44 67 50
44 68 26
44 69 25
44 70 47
44 71 73
44 72 48
44 73 17
44 74 48
44 75 62
44 76 78
44 77 52
44 78 19
44 79 17
44 80 99
44 81 41
44 82 38
44 83 69
44 84 17
44 85 67
44 86 50
44 87 97
44 88 22
44 89 49
44 90 6
44 91 70
44 92 67
44 93 97
44 94 52
44 95 78
44 96 76
44 97 6
44 98 27
44 99 54
44 100 31
45 46 73
45 47 26
45 48 30
45 49 89
45 50 73
45 51 44
45 52 19
45 53 77
45 54 62
45 55 87
45 56 27
45 57 2
45 58 24
45 59 95
45 60 71
45 61 90
45 62 97
45 63 19
45 64 63
45 65 97
45 66 25
45 67 33
45 68 64
45 69 21
45 70 36
45 71 41
45 72 48
45 73 93
45 74 19
45 75 1
45 76 23
45 77 44
45 78 26
45 79 5
45 80 84
45 81 51
45 82 48
45 83 2
45 84 79
45 85 9
45 86 88
45 87 5
45 88 63
45 89 63
45 90 52
45 91 33
45 92 52
45 93 48
45 94 3
45 95 67
45 96 44
45 97 27
45 98 51
45 99 59
45 100 99
46 47 38
46 48 51
46 49 99
46 50 30
46 51 70
46 52 99
46 53 5
46 54 13
46 55 77
46 56 9
46 57 48
46 58 79
46 59 56
46 60 50
46 61 9
46 62 64
46 63 37
46 64 65
46 65 78
46 66 52
46 67 16
46 68 10
46 69 55
46 70 15
46 71 13
46 72 21
46 73 11
46 74 91
46 75 71
46 76 69
46 77 42
46 78 8
46 79 72
46 80 40
46 81 90
46 82 41
46 83 90
46 84 94
46 85 5
46 86 18
46 87 54
46 88 52
46 89 48
46 90 9
46 91 53
46 92 56
46 93 24
46 94 42
46 95 73
46 96 2
46 97 93
46 98 40
46 99 63
46 100 47
47 48 55
47 49 27
47 50 20
47 51 17
47 52 70
47 53 90
47 54 85
47 55 11
47 56 50
47 57 56
47 58 2
47 59 91
47 60 48
47 61 43
47 62 84
47 63 4
47 64 13
47 65 89
47 66 8
47 67 12
47 68 97
47 69 12
47 70 20
47 71 72
47 72 53
47 73 92
47 74 25
47 75 97
47 76 31
47 77 88
47 78 44
47 79 37
47 80 66
47 81 63
47 82 53
47 83 35
47 84 4
47 85 90
47 86 97
47 87 5
47 88 97
47 89 98
47 90 95
47 91 97
47 92 93
47 93 30
47 94 100
47 95 57
47 96 18
47 97 59
47 98 68
47 99 66
47 100 23
48 49 87
48 50 38
48 51 75
48 52 78
48 53 62
48 54 72
48 55 9
48 56 1
48 57 67
48 58 97
48 59 67
48 60 81
48 61 50
48 62 1
48 63 36
48 64 39
48 65 98
48 66 41
48 67 35
48 68 47
48 69 87
48 70 31
48 71 91
48 72 17
48 73 83
48 74 47
48 75 86
48 76 93
48 77 15
48 78 52
48 79 15
48 80 53
48 81 41
48 82 42
48 83 31
48 84 54
48 85 65
48 86 91
48 87 55
48 88 31
48 89 87
48 90 73
48 91 63
48 92 88
48 93 73
48 94 98
48 95 26
48 96 22
48 97 90
48 98 61
48 99 21
48 100 77
49 50 43
49 51 11
49 52 93
49 53 25
49 54 10
49 55 30
49 56 70
49 57 76
49 58 81
49 59 84
49 60 28
49 61 21
49 62 25
49 63 10
49 64 75
49 65 89
49 66 100
49 67 81
49 68 71
49 69 39
49 70 53
49 71 33
49 72 26
49 73 77
49 74 83
49 75 52
49 76 99
49 77 72
49 78 64
49 79 71
49 80 48
49 81 58
49 82 33
49 83 92
49 84 35
49 85 42
49 86 22
49 87 4
49 88 17
49 89 54
49 90 39
49 91 97
49 92 27
49 93 64
49 94 6
49 95 53
49 96 4
49 97 58
49 98 33
49 99 27
49 100 96
50 51 37
50 52 59
50 53 21
50 54 13
50 55 93
50 56 24
50 57 63
50 58 65
50 59 39
50 60 33
50 61 64
50 62 49
50 63 66
50 64 8
50 65 83
50 66 59
50 67 29
50 68 38
50 69 28
50 70 34
50 71 76
50 72 24
50 73 60
50 74 91
50 75 29
50 76 12
50 77 47
50 78 86
50 79 96
50 80 73
50 81 33
50 82 32
50 83 83
50 84 6
50 85 97
50 86 76
50 87 29
50 88 59
50 89 40
50 90 20
50 91 44
50 92 55
50 93 68
50 94 61
50 95 62
50 96 2
50 97 71
50 98 42
50 99 39
50 100 98
51 52 76
51 53 14
51 54 21
51 55 87
51 56 57
51 57 2
51 58 99
51 59 3
51 60 39
51 61 46
51 62 75
51 63 24
51 64 30
51 65 57
51 66 29
51 67 26
51 68 32
51 69 9
51 70 36
51 71 23
51 72 80
51 73 31
51 74 78
51 75 47
51 76 91
51 77 91
51 78 48
51 79 14
51 80 33
51 81 38
51 82 11
51 83 8
51 84 52
51 85 84
51 86 94
51 87 8
51 88 37
51 89 44
51 90 10
51 91 27
51 92 90
51 93 36
51 94 50
51 95 19
51 96 92
51 97 78
51 98 96
51 99 24
51 100 39
52 53 31
52 54 98
52 55 18
52 56 14
52 57 75
52 58 17
52 59 56
52 60 66
52 61 16
52 62 69
52 63 50
52 64 54
52 65 80
52 66 57
52 67 57
52 68 15
52 69 2
52 70 16
52 71 51
52 72 98
52 73 77
52 74 77
52 75 39
52 76 12
52 77 27
52 78 9
52 79 3
52 80 56
52 81 4
52 82 78
52 83 94
52 84 86
52 85 76
52 86 12
52 87 99
52 88 2
52 89 28
52 90 7
52 91 19
52 92 43
52 93 75
52 94 68
52 95 48
52 96 54
52 97 24
52 98 4
52 99 68
52 100 78
53 54 19
53 55 70
53 56 27
53 57 95
53 58 47
53 59 65
53 60 6
53 61 25
53 62 73
53 63 61
53 64 80
53 65 28
53 66 38
53 67 26
53 68 65
53 69 65
53 70 37
53 71 16
53 72 67
53 73 16
53 74 22
53 75 85
53 76 10
53 77 96
53 78 53
53 79 58
53 80 2
53 81 28
53 82 61
53 83 21
53 84 57
53 85 32
53 86 91
53 87 83
53 88 26
53 89 89
53 90 47
53 91 84
53 92 13
53 93 71
53 94 44
53 95 92
53 96 50
53 97 33
53 98 17
53 99 67
53 100 98
54 55 5
54 56 82
54 57 64
54 58 72
54 59 55
54 60 100
54 61 82
54 62 2
54 63 52
54 64 91
54 65 3
54 66 32
54 67 3
54 68 76
54 69 88
54 70 34
54 71 66
54 72 71
54 73 12
54 74 6
54 75 69
54 76 47
54 77 18
54 78 92
54 79 90
54 80 61
54 81 93
54 82 74
54 83 30
54 84 59
54 85 71
54 86 34
54 87 92
54 88 86
54 89 58
54 90 98
54 91 38
54 92 91
54 93 100
54 94 89
54 95 81
54 96 54
54 97 72
54 98 35
54 99 29
54 100 60
55 56 21
55 57 46
55 58 82
55 59 84
55 60 51
55 61 2
55 62 30
55 63 20
55 64 93
55 65 71
55 66 81
55 67 38
55 68 44
55 69 10
55 70 48
55 71 67
55 72 95
55 73 40
55 74 4
55 75 4
55 76 89
55 77 41
55 78 94
55 79 88
55 80 82
55 81 26
55 82 42
55 83 53
55 84 13
55 85 22
55 86 64
55 87 33
55 88 68
55 89 45
55 90 16
55 91 70
55 92 47
55 93 45
55 94 90
55 95 91
55 96 15
55 97 22
55 98 28
55 99 10
55 100 31
56 57 76
56 58 76
56 59 77
56 60 67
56 61 32
56 62 81
56 63 55
56 64 72
56 65 26
56 66 43
56 67 5
56 68 4
56 69 36
56 70 58
56 71 16
56 72 57
56 73 73
56 74 48
56 75 76
56 76 18
56 77 15
56 78 46
56 79 64
56 80 59
56 81 87
56 82 54
56 83 25
56 84 8
56 85 82
56 86 34
56 87 90
56 88 9
56 89 62
56 90 18
56 91 75
56 92 93
56 93 50
56 94 29
56 95 16
56 96 76
56 97 23
56 98 73
56 99 31
56 100 58
57 58 82
57 59 46
57 60 67
57 61 54
57 62 93
57 63 42
57 64 71
57 65 59
57 66 39
57 67 86
57 68 17
57 69 25
57 70 40
57 71 93
57 72 84
57 73 73
57 74 78
57 75 73
57 76 33
57 77 39
57 78 43
57 79 7
57 80 83
57 81 92
57 82 87
57 83 51
57 84 19
57 85 10
57 86 23
57 87 49
57 88 19
57 89 56
57 90 46
57 91 85
57 92 9
57 93 90
57 94 79
57 95 80
57 96 48
57 97 17
57 98 65
57 99 16
57 100 94
58 59 56
58 60 8
58 61 77
58 62 80
58 63 86
58 64 2
58 65 12
58 66 76
58 67 96
58 68 70
58 69 11
58 70 87
58 71 57
58 72 13
58 73 58
58 74 18
58 75 87
58 76 58
58 77 36
58 78 42
58 79 4
58 80 73
58 81 50
58 82 93
58 83 51
58 84 81
58 85 41
58 86 19
58 87 98
58 88 56
58 89 12
58 90 5
58 91 16
58 92 41
58 93 85
58 94 1
58 95 94
58 96 48
58 97 28
58 98 89
58 99 18
58 100 38
59 60 75
59 61 74
59 62 2
59 63 84
59 64 91
59 65 88
59 66 42
59 67 78
59 68 29
59 69 97
59 70 2
59 71 31
59 72 89
59 73 4
59 74 11
59 75 81
59 76 23
59 77 60
59 78 37
59 79 86
59 80 65
59 81 4
59 82 78
59 83 1
59 84 56
59 85 71
59 86 48
59 87 83
59 88 59
59 89 65
59 90 73
59 91 86
59 92 38
59 93 74
59 94 69
59 95 80
59 96 62
59 97 62
59 98 10
59 99 90
59 100 58
60 61 11
60 62 20
60 63 47
60 64 67
60 65 83
60 66 79
60 67 89
60 68 42
60 69 67
60 70 26
60 71 58
60 72 70
60 73 4
60 74 58
60 75 25
60 76 26
60 77 6
60 78 8
60 79 85
60 80 70
60 81 32
60 82 70
60 83 60
60 84 5
60 85 90
60 86 91
60 87 66
60 88 52
60 89 52
60 90 8
60 91 9
60 92 63
60 93 79
60 94 7
60 95 29
60 96 61
60 97 86
60 98 69
60 99 55
60 100 52
61 62 46
61 63 12
61 64 22
61 65 1
61 66 70
61 67 46
61 68 27
61 69 27
61 70 5
61 71 63
61 72 96
61 73 36
61 74 32
61 75 7
61 76 41
61 77 21
61 78 50
61 79 58
61 80 24
61 81 1
61 82 17
61 83 33
61 84 15
61 85 96
61 86 91
61 87 43
61 88 8
61 89 76
61 90 63
61 91 14
61 92 80
61 93 61
61 94 78
61 95 1
61 96 61
61 97 47
61 98 98
61 99 39
61 100 25
62 63 55
62 64 1
62 65 72
62 66 90
62 67 32
62 68 79
62 69 82
62 70 5
62 71 80
62 72 92
62 73 28
62 74 80
62 75 8
62 76 12
62 77 95
62 78 55
62 79 3
62 80 89
62 81 15
62 82 30
62 83 4
62 84 80
62 85 9
62 86 64
62 87 57
62 88 61
62 89 76
62 90 55
62 91 11
62 92 15
62 93 79
62 94 65
62 95 15
62 96 51
62 97 54
62 98 99
62 99 81
62 100 88
63 64 55
63 65 60
63 66 79
63 67 34
63 68 39
63 69 38
63 70 46
63 71 85
63 72 45
63 73 100
63 74 74
63 75 59
63 76 29
63 77 29
63 78 38
63 79 90
63 80 92
63 81 47
63 82 50
63 83 19
63 84 1
63 85 60
63 86 33
63 87 80
63 88 24
63 89 100
63 90 30
63 91 30
63 92 98
63 93 10
63 94 17
63 95 4
63 96 21
63 97 47
63 98 37
63 99 59
63 100 84
64 65 34
64 66 96
64 67 28
64 68 33
64 69 21
64 70 38
64 71 14
64 72 49
64 73 28
64 74 3
64 75 92
64 76 74
64 77 4
64 78 10
64 79 26
64 80 64
64 81 43
64 82 5
64 83 39
64 84 94
64 85 86
64 86 20
64 87 43
64 88 47
64 89 88
64 90 46
64 91 67
64 92 34
64 93 82
64 94 78
64 95 70
64 96 16
64 97 73
64 98 49
64 99 100
64 100 93
65 66 39
65 67 13
65 68 41
65 69 66
65 70 15
65 71 32
65 72 91
65 73 71
65 74 93
65 75 16
65 76 34
65 77 87
65 78 73
65 79 24
65 80 80
65 81 58
65 82 96
65 83 22
65 84 5
65 85 83
65 86 19
65 87 23
65 88 69
65 89 53
65 90 100
65 91 90
65 92 20
65 93 72
65 94 90
65 95 19
65 96 16
65 97 28
65 98 84
65 99 56
65 100 45
66 67 50
66 68 39
66 69 35
66 70 20
66 71 84
66 72 3
66 73 5
66 74 70
66 75 75
66 76 29
66 77 50
66 78 84
66 79 24
66 80 23
66 81 40
66 82 58
66 83 94
66 84 63
66 85 26
66 86 46
66 87 14
66 88 67
66 89 65
66 90 38
66 91 57
66 92 35
66 93 53
66 94 84
66 95 18
66 96 61
66 97 81
66 98 68
66 99 51
66 100 67
67 68 87
67 69 34
67 70 69
67 71 92
67 72 4
67 73 95
67 74 72
67 75 5
67 76 79
67 77 47
67 78 79
67 79 18
67 80 56
67 81 72
67 82 80
67 83 34
67 84 69
67 85 94
67 86 100
67 87 85
67 88 83
67 89 56
67 90 20
67 91 35
67 92 92
67 93 89
67 94 95
67 95 72
67 96 8
67 97 98
67 98 90
67 99 95
67 100 31
68 69 59
68 70 38
68 71 86
68 72 5
68 73 61
68 74 90
68 75 83
68 76 59
68 77 21
68 78 1
68 79 14
68 80 92
68 81 32
68 82 47
68 83 13
68 84 77
68 85 47
68 86 97
68 87 59
68 88 54
68 89 68
68 90 46
68 91 45
68 92 57
68 93 92
68 94 68
68 95 64
68 96 89
68 97 10
68 98 10
68 99 20
68 100 20
69 70 99
69 71 57
69 72 24
69 73 59
69 74 99
69 75 7
69 76 17
69 77 19
69 78 59
69 79 83
69 80 62
69 81 42
69 82 29
69 83 74
69 84 19
69 85 27
69 86 71
69 87 29
69 88 81
69 89 38
69 90 74
69 91 77
69 92 46
69 93 66
69 94 97
69 95 10
69 96 54
69 97 6
69 98 71
69 99 25
69 100 25
70 71 70
70 72 34
70 73 48
70 74 28
70 75 32
70 76 6
70 77 97
70 78 50
70 79 64
70 80 79
70 81 11
70 82 58
70 83 59
70 84 37
70 85 76
70 86 86
70 87 59
70 88 4
70 89 66
70 90 48
70 91 30
70 92 42
70 93 94
70 94 95
70 95 38
70 96 55
70 97 100
70 98 95
70 99 25
70 100 77
71 72 19
71 73 46
71 74 10
71 75 19
71 76 26
71 77 93
71 78 24
71 79 22
71 80 42
71 81 40
71 82 52
71 83 4
71 84 97
71 85 10
71 86 92
71 87 24
71 88 95
71 89 50
71 90 79
71 91 12
71 92 98
71 93 60
71 94 54
71 95 91
71 96 54
71 97 43
71 98 97
71 99 6
71 100 90
72 73 73
72 74 34
72 75 8
72 76 19
72 77 95
72 78 78
72 79 44
72 80 87
72 81 54
72 82 17
72 83 80
72 84 93
72 85 68
72 86 83
72 87 41
72 88 29
72 89 75
72 90 16
72 91 24
72 92 76
72 93 46
72 94 35
72 95 73
72 96 6
72 97 40
72 98 15
72 99 11
72 100 35
73 74 11
73 75 16
73 76 24
73 77 36
73 78 1
73 79 83
73 80 54
73 81 95
73 82 61
73 83 97
73 84 33
73 85 14
73 86 13
73 87 12
73 88 58
73 89 32
73 90 95
73 91 50
73 92 60
73 93 21
73 94 17
73 95 35
73 96 96
73 97 62
73 98 22
73 99 21
73 100 67
74 75 13
74 76 87
74 77 78
74 78 47
74 79 50
74 80 45
74 81 22
74 82 85
74 83 46
74 84 57
74 85 38
74 86 92
74 87 17
74 88 86
74 89 25
74 90 82
74 91 50
74 92 88
74 93 91
74 94 81
74 95 82
74 96 92
74 97 92
74 98 54
74 99 8
74 100 27
75 76 2
75 77 69
75 78 48
75 79 74
75 80 88
75 81 12
75 82 60
75 83 65
75 84 11
75 85 9
75 86 61
75 87 32
75 88 45
75 89 58
75 90 88
75 91 34
75 92 50
75 93 56
75 94 19
75 95 26
75 96 89
75 97 68
75 98 13
75 99 79
75 100 100
76 77 47
76 78 70
76 79 92
76 80 52
76 81 29
76 82 70
76 83 5
76 84 98
76 85 69
76 86 78
76 87 85
76 88 80
76 89 90
76 90 1
76 91 90
76 92 50
76 93 61
76 94 74
76 95 95
76 96 19
76 97 13
76 98 28
76 99 20
76 100 21
77 78 47
77 79 97
77 80 9
77 81 66
77 82 61
77 83 40
77 84 18
77 85 7
77 86 61
77 87 9
77 88 11
77 89 90
77 90 30
77 91 15
77 92 39
77 93 98
77 94 93
77 95 75
77 96 29
77 97 82
77 98 75
77 99 19
77 100 31
78 79 87
78 80 44
78 81 77
78 82 57
78 83 56
78 84 5
78 85 28
78 86 28
78 87 3
78 88 76
78 89 37
78 90 20
78 91 37
78 92 28
78 93 37
78 94 95
78 95 88
78 96 45
78 97 5
78 98 77
78 99 74
78 100 20
79 80 67
79 81 23
79 82 64
79 83 41
79 84 52
79 85 97
79 86 67
79 87 22
79 88 79
79 89 6
79 90 65
79 91 56
79 92 62
79 93 72
79 94 12
79 95 42
79 96 100
79 97 14
79 98 17
79 99 88
79 100 33
80 81 5
80 82 15
80 83 22
80 84 100
80 85 2
80 86 66
80 87 56
80 88 31
80 89 92
80 90 27
80 91 97
80 92 66
80 93 90
80 94 38
80 95 17
80 96 38
80 97 4
80 98 90
80 99 17
80 100 9
81 82 6
81 83 24
81 84 23
81 85 78
81 86 87
81 87 16
81 88 29
81 89 52
81 90 84
81 91 16
81 92 84
81 93 89
81 94 30
81 95 57
81 96 40
81 97 83
81 98 23
81 99 95
81 100 13
82 83 66
82 84 22
82 85 10
82 86 83
82 87 63
82 88 47
82 89 52
82 90 1
82 91 2
82 92 41
82 93 69
82 94 63
82 95 47
82 96 44
82 97 37
82 98 76
82 99 30
82 100 4
83 84 4
83 85 81
83 86 87
83 87 19
83 88 16
83 89 27
83 90 100
83 91 73
83 92 66
83 93 82
83 94 47
83 95 61
83 96 95
83 97 64
83 98 82
83 99 56
83 100 46
84 85 44
84 86 54
84 87 97
84 88 96
84 89 55
84 90 90
84 91 64
84 92 69
84 93 36
84 94 59
84 95 57
84 96 11
84 97 88
84 98 60
84 99 66
84 100 68
85 86 47
85 87 84
85 88 84
85 89 73
85 90 35
85 91 8
85 92 39
85 93 16
85 94 54
85 95 51
85 96 10
85 97 17
85 98 84
85 99 65
85 100 62
86 87 79
86 88 70
86 89 11
86 90 75
86 91 25
86 92 100
86 93 90
86 94 45
86 95 35
86 96 49
86 97 2
86 98 97
86 99 36
86 100 61
87 88 62
87 89 56
87 90 59
87 91 97
87 92 91
87 93 32
87 94 31
87 95 98
87 96 22
87 97 98
87 98 51
87 99 24
87 100 60
88 89 19
88 90 7
88 91 76
88 92 32
88 93 85
88 94 46
88 95 42
88 96 11
88 97 70
88 98 41
88 99 1
88 100 66
89 90 27
89 91 1
89 92 67
89 93 75
89 94 36
89 95 28
89 96 88
89 97 43
89 98 38
89 99 84
89 100 33
90 91 69
90 92 66
90 93 30
90 94 42
90 95 64
90 96 32
90 97 65
90 98 23
90 99 50
90 100 71
91 92 50
91 93 82
91 94 8
91 95 95
91 96 23
91 97 18
91 98 16
91 99 16
91 100 18
92 93 82
92 94 94
92 95 18
92 96 48
92 97 69
92 98 6
92 99 27
92 100 56
93 94 48
93 95 65
93 96 92
93 97 33
93 98 85
93 99 57
93 100 62
94 95 79
94 96 72
94 97 46
94 98 43
94 99 46
94 100 95
95 96 66
95 97 96
95 98 28
95 99 73
95 100 90
96 97 3
96 98 90
96 99 6
96 100 18
97 98 60
97 99 87
97 100 11
98 99 29
98 100 86
99 100 31
